$ 1 0.000005 10.20027730826997 50 5 50 5e-11
v 80 352 80 80 0 0 40 0.4 0 0 0.5
w 192 80 240 80 0
r 240 80 304 80 0 1000
w 304 80 416 80 0
w 416 80 432 80 0
w 432 128 432 160 0
162 432 160 432 224 2 default-led 1 0 0 0.01
w 432 224 432 352 0
w 432 352 176 352 0
w 176 352 176 256 0
w 176 352 80 352 0
w 176 256 176 224 0
p 176 160 176 224 3 0 0 10000000
w 176 144 176 80 0
w 176 144 176 160 0
w 176 80 192 80 0
w 176 80 80 80 0
w 240 80 240 128 0
w 304 80 304 128 0
p 240 128 304 128 3 0 0 10000000
370 432 80 432 128 3 0 0
