$ 1 0.000005 10.20027730826997 35 5 50 5e-11
v 96 368 96 96 0 0 40 20 0 0 0.5
g 96 368 96 384 0 0
w 96 96 336 96 0
w 96 368 368 368 0
v 192 240 336 96 0 0 40 5 0 0 0.5
w 192 240 256 288 0
r 256 288 320 336 0 5
w 320 336 368 368 0
v 416 320 512 224 0 0 40 8 0 0 0.5
w 512 224 448 176 0
r 448 176 384 128 0 10
w 384 128 336 96 0
w 192 240 272 240 0
r 336 240 400 240 0 4
w 400 240 512 224 0
370 272 240 320 240 3 0 0
w 320 240 336 240 0
w 384 352 368 368 0
370 416 320 384 352 3 0 0
w 336 96 368 64 0
w 512 224 544 192 0
w 368 64 448 112 0
p 448 112 496 144 3 0 0 10000000
w 496 144 544 192 0
w 192 240 320 192 0
p 320 192 384 192 3 0 0 10000000
w 384 192 512 224 0
