$ 1 0.000005 10.20027730826997 50 5 50 5e-11
v 80 352 80 48 0 0 40 12 0 0 0.5
w 80 48 112 48 0
w 80 352 128 352 0
370 112 48 192 48 3 0 0
w 384 48 464 48 0
w 464 48 480 48 0
w 480 48 480 80 0
370 480 240 480 304 3 0 0
w 480 144 480 176 0
r 480 176 480 240 0 4200
g 80 352 80 368 0 0
w 192 48 288 48 0
w 384 48 288 48 0
w 128 352 288 352 0
w 480 352 288 352 0
w 480 80 480 144 0
w 480 352 480 304 0
w 480 176 528 176 0
w 528 176 528 192 0
w 480 240 496 240 0
w 496 240 512 240 0
w 512 240 528 240 0
w 528 240 528 224 0
p 528 192 528 224 3 0 0 10000000
