$ 1 0.000005 10.20027730826997 41 5 50 5e-11
v 112 384 112 176 0 0 40 10 0 0 0.5
w 112 64 128 64 0
r 176 64 224 64 0 4
w 224 64 240 64 0
w 464 128 464 144 0
r 464 144 464 208 0 0.5
w 464 208 464 304 0
r 464 304 464 368 0 1.5
w 464 368 464 384 0
w 288 384 112 384 0
g 112 384 112 400 0 0
w 352 112 352 128 0
w 352 128 320 128 0
w 320 128 304 128 0
w 352 128 400 128 0
w 304 128 304 176 0
r 304 176 304 240 0 4
w 304 240 304 288 0
w 384 288 400 288 0
w 400 288 400 240 0
r 400 240 400 176 0 4
w 400 176 400 128 0
w 352 64 240 64 0
w 352 64 464 64 0
w 352 288 352 384 0
w 352 384 288 384 0
w 352 384 464 384 0
w 352 288 304 288 0
w 352 288 384 288 0
370 112 176 112 64 3 0 0
370 128 64 176 64 3 0 0
370 352 64 352 112 3 0 0
370 464 64 464 128 3 0 0
