$ 1 0.000005 10.20027730826997 37 5 50 5e-11
v 96 416 96 208 0 0 40 24 0 0 0.5
w 96 416 432 416 0
g 96 416 96 432 0 0
370 96 208 96 144 3 0 0
w 96 144 176 144 0
w 176 144 176 64 0
w 176 144 176 208 0
w 176 208 176 224 0
w 176 64 192 64 0
r 224 64 272 64 0 6
w 272 64 304 64 0
w 304 64 304 112 0
w 304 112 304 144 0
w 304 144 272 144 0
r 224 144 272 144 0 6
w 192 144 176 144 0
w 304 144 304 224 0
w 304 224 272 224 0
r 224 224 272 224 0 2
w 192 224 176 224 0
w 304 144 432 144 0
w 432 144 432 176 0
w 432 176 384 176 0
w 432 176 480 176 0
r 384 224 384 288 0 8
w 384 288 384 304 0
w 384 304 432 304 0
w 432 304 432 416 0
w 432 304 480 304 0
r 480 224 480 272 0 12
w 480 272 480 304 0
370 192 64 224 64 3 0 0
370 192 144 224 144 3 0 0
370 192 224 224 224 3 0 0
w 224 64 224 32 0
w 272 64 272 32 0
p 224 32 272 32 3 0 0 10000000
370 384 176 384 224 3 0 0
370 480 176 480 224 3 0 0
w 480 176 544 176 0
w 480 304 544 304 0
w 544 304 544 272 0
w 544 176 544 208 0
p 544 208 544 272 3 0 0 10000000
