$ 1 0.000005 10.20027730826997 50 5 50 5e-11
v 304 352 304 176 0 0 40 72 0 0 0.5
g 304 352 304 368 0 0
w 304 352 368 352 0
w 240 352 160 352 0
w 208 80 160 80 0
w 160 80 80 80 0
w 80 80 64 80 0
w 304 80 432 80 0
w 496 80 512 80 0
w 64 80 64 144 0
r 64 144 64 192 0 24000
w 64 192 64 224 0
w 64 224 160 224 0
w 160 224 160 240 0
r 160 240 160 288 0 12000
w 160 288 160 352 0
w 160 224 224 224 0
w 224 80 224 128 0
r 224 128 224 176 0 24000
w 224 176 224 224 0
w 224 80 208 80 0
w 304 80 288 80 0
w 512 80 512 144 0
r 512 144 512 192 0 12000
w 512 192 512 224 0
w 512 224 432 224 0
w 512 224 592 224 0
w 432 224 432 272 0
r 432 272 432 320 0 9000
w 432 320 432 352 0
w 416 352 432 352 0
w 432 352 592 352 0
w 592 224 592 272 0
r 592 272 592 320 0 9000
w 592 320 592 352 0
370 288 80 224 80 3 0 0
370 432 80 496 80 3 0 0
370 304 176 304 128 3 0 0
w 304 128 304 80 0
370 416 352 368 352 3 0 0
370 240 352 304 352 3 0 0
w 432 272 352 272 0
w 432 320 352 320 0
p 352 272 352 320 3 0 0 10000000
