$ 1 0.000005 10.20027730826997 57 5 50 5e-11
w 192 64 288 64 0
R 288 64 288 32 0 0 40 22 0 0 0.5
w 288 64 384 64 0
w 192 64 176 64 0
w 384 64 400 64 0
w 176 64 160 64 0
w 400 64 416 64 0
w 160 64 144 64 0
w 416 64 432 64 0
w 144 64 144 128 0
w 144 128 144 160 0
w 144 160 144 176 0
r 144 176 144 240 0 40000
w 144 240 144 288 0
w 144 288 144 352 0
r 144 352 144 416 0 4000
w 144 416 144 448 0
w 144 512 288 512 0
g 288 512 288 528 0 0
w 288 512 416 512 0
w 416 512 432 512 0
w 432 64 432 96 0
370 432 96 432 144 3 0 0
r 432 144 432 208 0 10000
w 432 208 432 272 0
w 432 512 432 496 0
r 432 448 432 400 0 1000
w 432 320 432 304 0
370 432 448 432 496 3 0 0
w 144 448 144 512 0
w 432 320 432 336 0
p 432 336 432 400 3 0 0 10000000
w 144 240 96 240 0
w 144 176 96 176 0
p 96 176 96 240 3 0 0 10000000
w 144 352 96 352 0
w 144 416 96 416 0
p 96 352 96 416 3 0 0 10000000
w 384 288 144 288 0
t 384 288 432 288 0 1 -19.97729489219484 -5.989838874090849 100 default
p 384 288 432 304 3 0 0 10000000
p 432 272 432 304 3 0 0 10000000
