$ 1 0.000005 10.20027730826997 58 5 50 5e-11
v 16 336 16 96 0 0 40 5 0 0 0.5
w 16 96 112 96 0
r 112 96 192 96 0 1000
w 192 96 240 96 0
w 240 96 256 96 0
w 256 96 256 176 0
r 256 176 256 256 0 1000
w 256 256 256 336 0
w 256 336 176 336 0
r 176 336 96 336 0 1000
w 96 336 16 336 0
v 384 336 384 144 0 0 40 5 0 0 0.5
w 384 96 496 96 0
w 592 96 608 96 0
w 608 96 608 192 0
r 608 192 608 256 0 1000
w 608 256 608 336 0
w 432 336 384 336 0
w 496 96 496 192 0
r 496 192 496 256 0 1000
w 496 256 496 336 0
w 592 96 496 96 0
w 608 336 560 336 0
w 112 96 112 48 0
w 192 96 192 48 0
w 256 176 304 176 0
w 256 256 304 256 0
w 176 336 176 400 0
w 96 336 96 400 0
w 112 48 128 48 0
w 192 48 176 48 0
w 304 176 304 192 0
w 304 256 304 240 0
w 96 400 112 400 0
w 176 400 160 400 0
p 128 48 176 48 3 0 0 10000000
p 304 192 304 240 3 0 0 10000000
p 160 400 112 400 3 0 0 10000000
370 496 336 432 336 3 0 0
370 560 336 496 336 3 0 0
370 384 144 384 96 3 0 0
