$ 1 0.000005 10.20027730826997 27 5 50 5e-11
v 48 368 48 128 0 0 40 5 0 0 0.5
w 48 128 240 128 0
w 240 128 240 176 0
c 240 176 240 272 4 470 0.016347519598834737 0.001 0.1
w 240 272 240 368 0
w 48 368 240 368 0
c 384 192 384 288 4 470 0.0009999999999999996 0.001 0.1
w 384 192 384 128 0
w 384 288 384 368 0
w 384 128 448 128 0
w 384 368 448 368 0
w 448 128 496 128 0
r 496 128 544 128 0 220
w 544 128 576 128 0
w 576 128 576 176 0
162 576 176 576 224 2 default-led 1 0 0 0.01
w 576 224 576 368 0
w 576 368 448 368 0
