$ 1 0.000005 10.20027730826997 50 5 50 5e-11
w 80 416 80 368 0
w 80 368 80 352 0
s 80 352 80 304 0 1 true
w 80 304 80 256 0
w 80 256 128 256 0
w 80 256 80 192 0
w 80 192 80 176 0
r 80 176 80 128 0 1000
w 80 128 80 80 0
w 80 80 208 80 0
w 80 416 208 416 0
w 128 256 192 256 0
t 192 256 208 256 0 1 0.3417494567239443 0.7520878776898212 100 default
w 208 80 208 96 0
181 208 96 208 144 0 309.8635270181465 100 120 0.4 0.4
w 208 144 208 240 0
w 208 272 208 416 0
w 208 80 416 80 0
w 208 416 416 416 0
v 416 416 416 80 0 0 40 5 0 0 0.5
