$ 1 0.000005 10.20027730826997 54 5 50 5e-11
v 80 432 80 48 0 0 40 5 0 0 0.5
w 80 48 208 48 0
w 80 432 208 432 0
w 208 48 208 64 0
w 208 48 288 48 0
w 288 48 288 64 0
w 208 432 208 416 0
w 208 432 288 432 0
w 288 432 560 432 0
w 288 48 464 48 0
w 464 48 464 64 0
w 464 48 560 48 0
w 560 48 560 64 0
w 560 64 560 80 0
162 560 80 560 128 2 default-led 1 0 0 0.01
w 560 128 560 176 0
r 560 176 560 224 0 220
w 560 224 560 256 0
w 560 256 544 256 0
w 560 256 560 304 0
w 560 304 560 320 0
t 528 336 560 336 0 1 0 0.6595543742947859 100 default
w 560 352 560 432 0
w 208 64 208 80 0
162 208 80 208 128 2 default-led 1 0 0 0.01
w 208 128 208 176 0
r 208 176 208 224 0 220
w 208 224 208 256 0
w 208 256 224 256 0
w 208 256 208 288 0
w 208 288 208 320 0
t 240 336 208 336 0 1 0 0.6595543742947859 100 default
w 208 352 208 416 0
w 288 64 288 144 0
r 288 144 288 192 0 10000
w 288 192 288 256 0
w 288 256 224 256 0
w 288 256 288 336 0
w 288 336 240 336 0
w 288 256 352 256 0
c 288 336 352 336 4 470 0 0.001 0
w 352 336 352 256 0
w 352 256 416 256 0
w 416 256 416 336 0
c 416 336 464 336 4 470 0 0.001 0
w 480 336 528 336 0
w 464 64 464 144 0
r 464 144 464 192 0 10000
w 464 192 464 240 0
w 464 240 352 240 0
w 352 240 352 256 0
w 464 240 544 240 0
w 544 240 544 256 0
w 464 240 464 336 0
w 480 336 464 336 0
