$ 1 0.000005 10.20027730826997 57 5 50 5e-11
v 80 448 80 48 0 0 40 5 0 0 0.5
w 80 48 224 48 0
w 80 448 224 448 0
w 224 48 224 80 0
w 224 80 224 96 0
162 224 96 224 144 2 default-led 1 0 0 0.01
w 224 144 224 192 0
r 224 192 224 240 0 220
w 224 240 224 272 0
w 224 272 240 272 0
w 224 272 224 320 0
t 240 336 224 336 0 1 -0.8027627011900376 0.6494375577740539 100 default
w 224 352 224 448 0
w 224 48 528 48 0
w 528 48 528 80 0
162 528 80 528 128 2 default-led 1 0 0 0.01
w 528 128 528 192 0
r 528 192 528 240 0 220
w 528 240 528 272 0
w 528 272 512 272 0
w 528 272 528 320 0
t 496 336 528 336 0 1 -0.8027627011900436 0.6494375577740539 100 default
w 528 352 528 448 0
w 240 272 256 272 0
r 256 272 304 272 0 10000
w 304 272 336 272 0
w 336 272 368 272 0
w 368 272 368 304 0
w 368 304 416 304 0
w 416 304 416 272 0
w 416 272 432 272 0
r 432 272 480 272 0 10000
w 480 272 512 272 0
w 368 304 320 304 0
w 320 304 320 320 0
w 320 320 320 336 0
w 320 336 240 336 0
w 320 336 320 368 0
s 320 416 320 368 0 1 true
w 320 416 320 448 0
w 224 448 320 448 0
w 320 448 416 448 0
w 416 448 416 416 0
s 416 416 416 368 0 1 true
w 416 368 416 336 0
w 416 336 368 336 0
w 368 336 368 304 0
w 416 336 496 336 0
w 416 448 528 448 0
