$ 1 0.000005 10.20027730826997 28 5 50 5e-11
c 64 432 64 272 4 470 -0.045949866124481334 0.001 0.1
w 64 272 96 272 0
w 64 432 96 432 0
w 64 272 64 160 0
s 64 160 64 112 0 1 true
w 64 112 64 64 0
w 64 64 208 64 0
w 208 64 224 64 0
r 224 64 224 112 0 220
w 224 112 224 192 0
181 224 192 224 256 0 300.04981331691744 100 120 0.4 0.4
r 96 272 144 272 0 3300
w 144 272 208 272 0
t 208 272 224 272 0 1 -4.954050114795624 0.04594988278563454 100 default
w 224 288 224 432 0
w 224 432 96 432 0
w 224 64 400 64 0
w 224 432 400 432 0
v 400 432 400 64 0 0 40 5 0 0 0.5
